625
177 65
69 52
123 65
58 177
66 3
155 176
5 43
185 50
129 153
149 142
133 39
189 54
80 1
167 62
0 34
112 183
188 137
158 131
93 10
187 157
98 94
181 180
65 180
141 18
106 96
63 119
171 109
165 25
5 4
126 199
81 104
117 86
123 15
49 108
189 86
159 5
17 179
170 33
168 118
33 94
61 0
181 51
100 106
114 120
110 71
39 98
47 21
0 119
65 47
120 172
179 72
123 194
200 39
72 66
126 10
115 142
66 118
149 19
136 61
199 190
192 48
188 71
145 17
111 174
99 73
106 160
90 185
34 178
58 70
37 71
74 124
166 110
121 106
41 32
136 113
115 46
188 190
168 200
121 54
80 113
163 64
73 161
143 125
163 131
31 117
61 5
95 184
161 198
41 169
138 200
147 54
1 115
61 91
139 200
65 79
97 18
32 133
103 168
14 90
123 5
36 4
122 103
63 117
174 60
115 135
110 0
62 173
6 70
34 164
17 96
30 66
136 91
84 46
168 179
73 119
147 106
199 179
72 47
26 128
55 134
33 175
37 33
93 147
119 37
67 74
100 90
2 81
184 159
152 143
35 73
118 20
200 187
73 74
186 123
69 130
158 107
58 61
63 87
161 180
34 145
132 136
132 29
73 46
189 94
161 166
70 126
48 133
64 113
145 99
165 146
15 148
183 9
30 144
176 106
78 21
119 137
102 127
96 117
112 187
64 6
16 156
36 87
147 131
176 79
87 27
112 170
127 106
6 2
187 132
134 193
100 132
121 131
13 104
34 200
124 92
144 192
167 133
134 8
65 172
132 80
153 142
114 129
103 179
67 181
188 36
30 38
179 177
141 131
71 162
191 62
149 15
39 129
101 138
175 97
183 14
130 105
95 39
125 42
0 164
178 12
164 144
136 57
33 74
51 168
161 146
165 79
86 65
127 99
77 192
67 107
142 75
193 4
64 2
194 190
172 75
6 55
196 69
36 105
25 42
185 195
127 101
148 150
194 111
152 54
133 2
86 78
145 141
24 163
167 198
187 30
155 125
136 0
26 107
124 150
68 135
58 26
14 189
145 89
119 28
118 76
190 195
135 37
34 58
36 90
15 196
152 73
8 57
22 18
70 194
144 151
139 192
124 142
110 66
58 141
191 180
159 169
97 53
20 25
122 26
167 86
21 67
196 0
70 116
40 41
74 73
17 21
166 140
154 110
95 62
183 69
79 173
171 36
22 93
59 31
103 50
162 114
15 199
150 168
170 86
178 87
184 37
115 68
158 181
178 192
134 178
154 22
63 55
157 4
110 78
190 46
163 151
22 149
188 117
2 135
16 95
33 83
166 10
106 33
140 89
60 119
92 131
68 166
11 9
143 79
17 52
117 103
57 119
199 156
39 111
86 12
58 193
24 47
163 149
190 74
10 184
165 41
62 78
130 168
73 68
52 160
119 86
19 3
69 158
69 131
125 113
112 15
72 23
64 47
162 23
111 125
197 108
10 136
81 154
38 10
190 3
112 87
28 104
153 177
178 61
61 184
4 146
56 200
93 117
100 76
120 134
55 104
121 149
72 65
75 43
43 168
127 74
199 142
10 38
29 158
81 143
170 32
119 27
194 72
19 10
139 75
196 56
22 140
186 125
62 173
37 65
33 2
153 16
105 170
120 166
3 175
115 57
91 13
23 81
177 109
58 167
13 158
8 193
27 39
27 87
51 161
11 149
72 86
23 12
92 80
104 91
88 91
124 152
77 161
87 86
170 10
186 136
84 72
141 36
6 105
183 38
150 76
142 133
20 22
54 185
110 103
58 83
74 137
198 176
158 8
111 182
176 32
178 18
125 65
24 164
31 56
124 96
67 90
118 73
2 7
199 155
1 113
112 85
38 52
142 118
8 181
74 176
79 97
166 108
89 28
16 66
144 131
20 48
139 110
23 19
179 157
162 48
53 61
153 153
109 5
84 155
43 117
100 60
8 7
115 50
2 49
105 166
19 28
46 191
173 41
67 103
77 143
7 39
29 74
72 70
44 137
49 147
11 168
106 66
118 130
181 117
23 121
101 177
183 98
86 33
49 165
48 146
145 52
83 55
104 162
179 6
185 44
180 155
67 167
184 2
85 192
192 55
145 184
5 135
63 113
78 190
22 194
190 189
119 108
63 92
110 172
84 158
151 155
127 80
109 131
86 40
157 82
81 94
91 92
139 45
8 43
54 52
60 122
118 147
106 100
188 40
17 128
130 72
80 199
63 5
58 11
17 46
85 145
174 49
165 78
194 12
126 25
52 197
86 181
111 93
144 110
76 147
200 1
48 184
63 117
163 160
166 31
175 143
5 190
98 195
163 196
57 6
30 31
128 52
178 94
158 76
178 198
66 102
176 15
8 156
22 28
134 72
170 198
131 27
59 135
170 7
122 36
128 156
43 43
176 69
28 110
131 34
79 192
83 109
149 176
169 11
41 94
6 8
69 23
142 44
5 45
36 136
23 98
140 44
200 32
44 37
34 137
117 29
61 62
113 40
161 115
89 133
140 20
29 97
10 194
14 15
26 165
19 24
78 180
190 30
117 108
42 100
148 164
38 97
40 5
169 82
80 156
23 133
76 55
153 108
172 181
32 183
126 92
149 100
188 143
58 152
196 88
138 153
37 25
122 157
161 76
13 111
7 148
199 50
29 118
111 5
146 136
99 90
108 27
116 158
14 192
41 59
142 29
110 21
87 115
86 179
148 113
25 166
189 96
167 170
118 90
129 61
77 0
131 196
39 155
139 12
149 68
167 75
122 118
12 182
116 3
188 151
184 130
45 183
153 166
133 191
